0
0
0
0
0
0
0
0
0
0
0
0
0
0
0
0
0
0
0
0
0
0
0
0
0
0
0
0
0
0
0
0
0
0
0
0
0
0
0
0
0
0
0
0
0
0
0
0
0
0
0
0
0
0
0
0
0
0
0
0
0
0
0
0
0
0
0
0
0
0
0
0
0
0
0
0
0
0
0
0
0
0
0
0
0
0
0
0
0
78
99
99
111
113
113
97
94
123
124
97
104
96
121
107
110
118
112
114
90
106
112
115
131
127
114
109
106
121
134
121
125
131
104
135
116
123
138
147
121
108
95
92
122
117
126
136
107
118
149
123
132
130
114
121
124
119
100
126
135
144
148
136
156
152
130
128
166
143
143
178
155
159
193
173
195
188
236
243
265
270
348
345
372
393
503
522
541
578
659
683
809
809
843
918
987
1005
1089
1128
1151
1128
1191
1197
1199
1197
1194
1205
1094
1136
1091
1028
947
926
923
792
748
771
685
655
582
594
515
464
404
385
372
358
331
279
329
290
259
283
255
206
217
251
203
205
205
227
225
233
260
259
337
309
326
341
382
409
427
506
528
559
586
649
628
679
690
705
754
705
745
678
751
688
638
635
599
599
582
548
522
466
431
398
359
367
351
348
293
294
237
249
237
210
204
176
192
171
163
163
118
136
116
101
94
85
99
93
81
84
74
69
58
62
67
66
55
47
71
60
64
60
51
49
57
61
50
62
57
61
61
59
54
70
57
42
68
52
49
62
50
66
80
62
44
58
41
58
53
51
55
58
49
53
42
54
46
54
53
55
64
44
51
63
62
65
56
46
66
61
34
58
74
65
64
63
62
58
64
63
47
51
52
59
63
58
51
63
64
44
64
69
69
57
61
49
56
49
58
52
67
65
60
72
68
74
71
61
61
58
73
57
58
65
65
67
70
77
59
74
86
63
49
77
86
64
74
69
80
80
71
88
79
82
70
70
73
70
57
78
74
57
72
58
56
69
73
78
66
76
64
70
70
63
65
88
85
73
86
73
84
85
92
71
65
95
100
108
104
103
96
97
98
104
93
81
87
90
80
88
103
67
89
77
72
69
69
96
83
83
75
69
70
66
75
67
58
79
68
88
73
93
79
98
93
83
119
109
117
123
166
174
182
237
244
289
287
343
362
424
489
496
565
604
600
712
738
800
845
883
888
838
901
878
870
905
873
881
765
709
710
643
564
523
499
462
407
356
329
279
266
254
200
181
161
166
146
137
140
121
109
108
102
108
106
105
92
95
90
107
103
93
81
82
90
100
90
78
83
99
95
91
87
99
106
101
107
112
111
114
134
137
152
138
158
151
188
197
203
253
255
271
280
307
393
428
416
459
503
585
639
656
719
745
821
798
851
884
975
874
909
954
929
962
884
922
882
834
794
820
813
683
709
665
610
577
532
473
437
437
376
396
339
342
333
374
313
324
313
335
412
404
381
427
442
465
500
491
526
529
551
558
570
553
536
557
541
527
497
501
420
452
382
388
328
355
302
310
257
231
227
199
160
170
171
146
154
114
141
116
125
108
100
118
108
116
126
117
133
124
117
142
150
161
175
150
140
174
183
215
211
200
207
218
214
229
218
262
230
246
301
240
253
278
280
271
309
283
282
300
324
305
313
352
348
358
377
316
382
389
431
430
438
526
547
659
733
765
810
1031
1067
1266
1455
1664
1890
2128
2461
2692
3034
3316
3760
4081
4451
4837
5265
5673
6006
6348
6540
6796
7017
7388
7351
7208
7252
7353
7065
6978
6502
6302
5989
5582
5046
4710
4342
3813
3468
3171
2727
2441
2105
1805
1558
1408
1072
941
791
668
556
453
397
357
299
232
223
198
188
159
160
121
104
119
117
103
115
99
99
86
102
107
84
94
97
86
78
83
78
80
91
63
79
96
83
89
68
83
74
86
87
86
69
83
73
81
97
98
84
81
99
103
104
127
114
105
101
121
114
157
163
161
165
182
190
185
239
251
259
264
273
309
307
306
347
330
376
396
379
382
393
422
403
378
377
397
398
386
376
353
391
375
355
371
379
335
351
330
336
336
328
374
318
364
339
376
382
405
418
478
531
567
566
673
722
855
909
998
1110
1185
1292
1453
1563
1615
1816
1987
2068
2090
2362
2301
2476
2487
2526
2685
2598
2632
2588
2574
2462
2482
2327
2332
2311
2214
2120
2048
1917
1950
1817
1785
1728
1744
1651
1657
1719
1792
1853
2066
2132
2383
2623
2819
3134
3354
3674
3944
4460
4758
5173
5527
5846
6008
6647
6772
7083
7264
7520
7493
7608
7631
7473
7321
7246
6873
6563
6504
6045
5715
5298
4977
4482
4188
3741
3413
3122
2721
2538
2034
1840
1696
1429
1207
1075
918
782
738
605
496
446
443
385
322
282
255
216
219
185
182
167
180
185
190
166
162
171
150
152
151
160
182
144
149
170
131
141
140
138
140
122
102
130
132
122
106
105
128
80
102
84
79
74
68
58
66
50
69
63
60
71
42
70
71
63
55
47
43
55
60
62
63
75
59
51
52
64
67
60
73
71
66
56
65
71
81
82
68
102
88
93
111
109
113
145
115
130
131
120
135
135
146
164
166
152
174
175
199
195
229
203
235
213
242
270
270
301
304
358
364
411
418
500
570
579
711
745
753
931
980
1046
1142
1259
1332
1369
1416
1537
1656
1648
1723
1724
1756
1859
1816
1826
1759
1708
1742
1682
1610
1565
1508
1446
1363
1331
1223
1162
1109
1054
954
967
898
956
852
797
813
786
838
799
800
827
772
734
778
698
737
697
687
704
701
660
596
554
575
524
494
444
438
388
348
318
297
283
286
221
200
222
205
187
164
153
164
146
160
123
137
145
131
162
162
159
174
165
155
169
162
157
197
166
158
146
170
181
154
149
153
111
134
131
121
118
99
72
107
92
78
71
66
62
56
54
45
52
38
52
31
39
34
38
36
32
32
38
28
26
24
26
30
37
25
25
18
30
31
25
45
26
31
40
41
25
30
29
28
30
36
34
30
33
26
38
22
33
31
32
23
32
36
31
31
33
25
34
36
21
26
32
26
25
38
35
35
25
35
21
38
25
37
33
36
25
37
30
32
28
32
46
38
29
30
32
38
36
29
29
38
25
23
34
44
28
27
27
47
38
35
24
40
30
29
36
29
41
43
33
29
41
42
41
38
52
43
41
31
45
49
36
38
34
46
49
48
51
48
52
62
57
57
42
45
61
44
56
71
67
64
57
48
62
79
64
74
80
72
78
81
67
72
91
92
93
82
97
99
96
106
105
103
110
119
103
120
146
156
147
137
164
197
185
184
248
211
248
288
297
314
350
366
403
465
510
524
615
606
645
765
794
796
863
912
976
1063
1092
1116
1241
1133
1187
1209
1168
1209
1232
1194
1160
1091
1024
1019
918
891
771
805
671
622
517
559
470
428
393
325
270
216
202
168
140
150
107
98
97
64
77
60
41
43
40
39
39
24
41
31
34
31
22
33
35
50
32
22
27
33
34
32
42
41
33
33
55
44
34
46
33
38
48
34
42
33
51
54
56
60
57
53
60
46
68
65
82
80
66
68
76
80
75
84
86
68
71
74
72
95
76
67
79
64
74
77
76
72
90
75
69
56
72
84
75
81
89
85
111
105
84
124
105
144
113
134
123
125
121
141
160
138
133
129
116
122
121
118
95
128
110
79
100
89
89
74
63
50
60
60
43
43
54
42
39
37
36
24
41
27
27
25
25
27
28
17
29
20
25
28
30
23
27
26
26
25
24
16
19
25
24
31
19
23
15
27
36
23
29
28
31
24
24
19
33
22
23
19
28
30
25
26
25
30
21
33
23
21
27
31
26
29
27
31
34
23
29
30
20
23
33
28
25
23
18
37
35
35
36
33
44
28
36
36
35
38
40
47
40
45
45
36
52
35
48
38
50
40
28
40
46
46
64
52
57
46
50
47
43
55
50
57
48
41
57
54
40
50
50
50
59
46
59
50
45
60
55
69
74
65
68
67
71
83
95
80
98
95
105
103
100
118
96
137
118
151
131
152
162
197
174
206
211
231
237
258
264
311
277
288
312
333
345
330
381
388
381
415
395
442
380
372
401
385
351
380
362
364
378
346
333
320
317
312
282
263
248
246
231
209
199
184
159
163
173
161
144
150
128
131
115
116
104
118
105
106
118
123
139
107
147
115
139
165
137
148
150
146
171
166
173
179
170
194
203
216
219
220
218
229
277
278
256
269
260
287
290
255
265
288
283
273
257
269
266
263
243
226
223
200
185
182
165
168
154
122
124
134
92
85
70
88
79
76
50
66
52
49
37
37
40
36
53
29
34
45
26
39
39
37
36
31
33
37
49
41
36
52
40
44
67
39
55
47
48
50
51
61
52
65
68
51
47
63
62
66
63
69
69
74
65
62
65
67
65
64
69
57
65
76
53
71
56
54
48
63
66
48
56
56
57
61
62
50
66
65
66
59
62
69
69
69
78
79
71
85
62
94
75
87
84
73
100
79
93
93
88
80
108
83
87
93
108
101
94
117
131
127
150
137
152
175
185
187
231
232
247
279
314
344
349
379
424
443
512
510
579
608
633
622
689
706
776
805
817
854
823
888
911
859
904
894
899
835
820
757
771
707
722
698
638
611
568
523
524
445
393
351
353
313
240
251
204
202
183
147
152
117
118
86
71
52
59
48
46
42
44
38
34
23
22
25
10
19
14
21
19
21
19
16
15
16
16
18
16
17
17
8
14
17
14
12
21
13
15
18
21
24
15
16
21
14
20
12
6
19
24
25
19
20
13
22
13
21
17
10
17
19
18
15
16
19
15
20
18
17
19
22
26
18
21
19
19
18
23
19
24
23
21
21
22
20
13
27
26
26
23
33
20
25
23
21
17
16
19
13
22
10
26
9
18
16
11
18
22
21
14
17
21
11
13
16
17
18
10
11
21
13
13
10
10
16
18
13
14
24
15
20
16
15
14
9
16
18
7
21
10
17
11
16
12
10
18
22
18
17
9
16
18
12
14
15
12
19
18
10
23
15
29
20
21
25
29
16
20
20
14
21
12
21
24
21
25
29
25
22
14
17
23
24
16
23
16
17
22
12
13
13
14
20
26
24
21
23
17
16
14
15
7
17
23
17
15
20
14
7
13
13
13
9
17
9
11
11
16
14
16
15
11
13
15
16
4
7
16
10
18
13
9
12
11
7
21
13
10
20
12
15
14
19
19
12
18
16
15
13
11
9
18
6
12
9
19
19
21
15
15
15
11
11
10
10
15
16
19
20
16
13
12
16
16
13
12
17
17
28
16
19
21
14
19
13
19
14
9
16
14
10
17
16
18
8
14
20
17
16
24
18
19
17
18
16
14
15
21
19
19
18
25
18
16
16
28
24
23
21
26
29
30
24
26
31
29
27
24
29
46
37
36
39
25
37
37
45
28
46
47
45
43
45
48
48
41
51
42
47
41
41
48
48
30
32
34
55
39
39
42
28
25
31
31
33
31
28
39
31
29
29
26
31
29
25
30
27
24
35
24
33
30
25
18
26
26
25
19
30
17
32
35
24
25
19
23
29
22
20
31
24
18
17
21
29
20
11
20
18
15
18
20
16
20
22
23
27
21
21
18
16
18
15
17
29
17
22
19
26
20
19
22
14
26
23
17
16
19
14
24
19
19
16
26
21
25
24
23
27
18
19
28
17
20
25
18
30
15
24
29
19
13
28
16
22
21
27
19
30
26
27
13
24
25
27
19
21
29
22
27
25
13
28
31
25
18
27
27
35
28
25
25
31
24
23
35
34
18
28
21
33
24
22
22
24
33
29
24
20
21
19
36
25
33
28
39
40
33
31
27
29
27
34
29
30
31
31
22
24
28
36
36
31
32
41
31
32
35
38
41
35
30
33
50
34
33
41
44
34
47
39
37
29
47
46
27
43
40
35
35
38
52
28
54
34
32
32
41
50
41
56
35
47
45
43
39
40
50
40
41
49
40
37
52
28
42
48
39
49
49
40
44
54
41
53
48
45
56
46
56
43
52
50
45
59
50
52
42
50
39
43
57
62
60
53
48
53
52
49
46
58
54
52
65
56
45
54
49
56
51
48
59
63
54
59
60
57
66
49
55
71
69
71
61
53
60
58
53
50
64
47
45
58
59
59
57
64
42
52
62
72
57
53
51
49
56
67
59
62
59
52
73
59
52
54
56
64
48
56
70
54
71
60
54
51
59
54
48
64
46
49
52
59
55
52
61
63
63
66
60
49
46
66
56
64
46
59
48
52
60
46
59
55
66
36
56
53
67
62
51
57
69
59
55
51
63
67
70
66
52
49
58
46
49
52
52
59
64
52
48
60
47
56
62
53
47
56
45
42
56
49
56
47
61
55
53
51
55
48
51
48
45
53
57
64
50
50
41
60
47
43
43
55
60
60
55
57
60
45
36
58
52
39
50
72
62
57
52
51
42
49
57
56
47
50
50
55
60
52
38
50
48
48
63
53
43
49
39
50
52
55
59
55
48
65
51
42
45
41
43
48
50
48
39
49
52
44
58
54
43
53
53
55
57
51
48
54
48
71
49
54
48
50
52
55
50
52
48
52
50
51
50
47
52
51
63
55
58
66
54
49
43
54
52
41
54
44
52
59
58
45
47
51
56
68
70
52
54
51
48
45
53
49
54
44
54
55
67
58
60
48
64
40
54
53
49
51
59
64
64
66
68
62
47
59
67
56
61
69
53
63
45
49
45
46
64
76
68
60
66
45
67
62
64
53
64
58
86
61
74
59
72
54
73
73
69
65
72
75
57
74
65
72
89
81
76
85
62
59
59
89
62
94
72
79
85
85
82
74
91
89
98
77
83
90
88
87
109
79
86
97
85
113
101
101
110
121
107
114
113
114
128
109
92
120
124
121
117
119
146
129
121
135
123
142
140
155
128
137
144
148
124
159
165
163
171
164
166
180
176
187
177
167
150
194
164
179
174
206
205
184
188
180
233
199
230
232
236
215
252
207
237
246
236
246
256
283
243
238
291
268
277
273
262
265
291
280
278
297
302
302
292
301
325
281
302
310
325
330
331
359
335
363
356
356
332
431
377
413
361
376
395
393
420
419
408
417
437
455
506
484
484
463
477
497
481
481
510
528
531
535
539
580
577
592
534
597
594
633
596
595
646
677
649
683
679
707
713
696
792
719
800
743
741
763
799
848
822
851
827
911
912
987
967
978
970
996
1063
1056
1004
1032
1098
1121
1141
1182
1118
1206
1287
1300
1266
1343
1371
1309
1410
1348
1418
1497
1522
1598
1679
1615
1721
1700
1764
1904
1942
1969
2086
1988
2212
2156
2227
2236
2382
2405
2501
2579
2719
2717
2847
2881
3075
3174
3172
3413
3524
3738
3784
4094
4091
4189
4545
4731
4887
5105
5240
5647
5908
6041
6423
6512
6872
7221
7480
7713
8005
8308
8588
8871
8720
9172
9261
9313
9542
9632
9801
9908
9682
9594
9361
9464
9142
9102
8613
8323
8088
7647
7355
7120
6625
6272
5859
5231
4993
4574
4126
3749
3386
3084
2707
2418
2275
1961
1676
1493
1328
1064
941
791
709
590
533
434
363
289
225
207
175
121
129
85
67
35
58
37
40
37
33
30
29
23
18
16
11
20
8
10
13
13
11
15
15
14
9
12
12
6
16
14
18
20
16
16
8
8
15
8
13
7
12
6
18
16
9
16
13
22
7
10
12
9
13
9
11
7
13
16
12
9
7
6
24
7
8
7
9
9
11
12
11
5
10
8
11
8
13
17
8
15
8
15
11
8
11
8
7
9
15
11
11
8
11
7
10
3
3
3
9
11
15
9
10
12
9
9
8
16
12
10
7
10
15
11
9
16
13
10
9
13
9
10
10
13
11
13
11
13
9
15
10
8
14
10
13
12
10
15
9
10
8
8
4
6
12
5
6
7
11
7
12
2
12
6
8
7
10
8
7
18
5
3
12
5
5
7
7
5
6
7
6
8
12
6
6
4
4
4
9
8
4
4
5
5
4
6
10
4
3
4
7
8
7
9
8
7
8
7
5
7
4
7
7
2
2
3
8
7
4
3
8
9
2
6
6
5
4
2
4
5
1
6
5
4
1
0
2
5
0
1
1
3
1
1
3
1
4
1
4
5
2
3
1
4
1
1
0
3
5
0
1
3
0
3
4
2
3
2
3
2
1
2
2
2
5
1
3
0
4
2
5
1
2
0
1
2
2
0
3
3
4
1
1
1
2
4
0
0
0
3
0
5
2
3
3
4
5
2
1
3
1
1
3
5
1
6
2
4
0
6
3
0
4
4
5
2
2
3
4
0
5
5
2
2
6
1
3
3
2
3
2
3
3
3
5
2
2
2
5
2
3
8
4
4
6
8
2
1
3
6
5
5
6
6
4
3
5
4
1
4
0
3
1
2
3
3
6
4
7
3
3
2
1
3
4
7
3
2
1
6
1
0
3
1
1
2
4
3
1
4
2
3
3
2
5
1
2
3
2
3
2
2
9
3
4
1
3
3
3
2
4
1
5
3
6
3
5
2
5
1
4
4
1
5
3
4
3
4
7
1
3
3
5
1
2
1
6
2
2
1
4
4
6
4
9
4
5
6
3
4
5
5
2
5
3
1
3
6
4
4
7
6
9
4
10
7
2
5
3
9
0
4
3
5
7
5
4
4
5
3
4
4
1
1
4
3
3
4
2
6
5
0
1
5
1
3
4
4
7
4
2
6
4
4
3
1
6
2
7
3
8
4
2
4
1
10
6
3
7
3
5
11
10
6
5
5
6
4
5
4
11
4
6
9
8
4
4
5
8
7
11
3
4
6
4
3
9
7
2
4
6
9
7
7
6
4
9
10
2
8
7
2
2
4
7
4
3
4
3
6
5
10
3
4
5
7
5
17
8
6
6
3
3
3
3
8
8
8
3
8
6
7
10
8
6
8
3
4
3
3
2
4
6
8
6
2
9
7
7
8
6
5
5
4
5
6
5
5
8
8
4
8
5
6
6
4
6
9
4
4
7
12
8
7
9
10
8
12
8
13
5
14
6
10
13
13
10
11
13
11
7
11
15
15
14
10
15
11
12
16
14
14
15
11
11
11
16
16
17
13
10
16
16
15
20
18
24
33
22
20
14
20
30
25
25
27
31
29
23
25
25
29
26
29
30
30
32
27
30
31
25
28
26
25
23
21
31
31
20
18
26
18
27
17
16
25
13
21
15
13
24
13
14
9
15
4
10
9
12
5
5
9
8
4
8
6
5
2
5
0
4
7
5
0
5
5
1
3
4
3
3
2
3
3
1
3
1
2
3
3
1
1
2
6
4
3
6
8
5
5
2
7
6
5
8
5
6
7
5
5
7
5
5
5
8
8
2
5
5
6
5
8
9
4
7
5
6
5
6
10
10
9
7
7
8
5
10
9
2
8
9
11
8
5
12
12
7
14
7
8
6
8
8
11
13
11
14
10
15
4
14
9
15
10
8
18
16
20
17
20
17
16
7
15
18
20
13
16
18
18
22
16
15
16
14
19
13
12
10
29
26
19
17
25
12
22
20
34
24
15
30
21
18
22
24
28
24
26
27
31
23
19
30
21
31
19
29
30
26
25
24
35
26
31
28
20
22
21
24
42
34
23
21
22
24
29
29
23
20
27
22
24
27
24
23
23
16
18
14
19
17
19
22
16
12
10
16
13
13
13
10
5
11
7
3
4
2
1
3
4
3
1
4
3
2
5
5
2
1
0
2
2
1
1
1
6
3
2
2
0
1
3
2
1
1
4
2
2
3
3
2
2
0
1
2
1
0
0
1
6
0
3
3
2
3
1
0
5
2
3
2
0
2
1
3
4
2
2
1
2
4
2
1
0
4
0
2
3
4
2
1
2
1
1
2
2
3
3
4
4
2
1
6
2
5
5
2
3
2
3
3
3
3
6
7
6
6
9
1
5
5
5
8
11
5
6
4
9
10
2
13
6
8
11
5
6
7
6
8
12
8
8
7
13
14
19
13
7
14
8
6
6
10
10
5
7
8
6
11
4
4
10
7
5
2
4
4
8
2
6
1
6
3
3
7
4
4
4
3
2
1
6
6
3
2
3
1
0
3
4
3
1
1
2
1
3
0
0
2
2
3
1
5
1
0
0
1
4
0
1
4
0
2
2
0
0
1
0
2
1
1
2
1
0
3
0
0
2
0
0
1
1
0
2
2
2
0
0
1
0
2
2
1
0
3
0
0
0
0
1
0
0
0
1
0
2
0
0
0
0
0
0
0
0
0
0
0
1
1
2
1
0
0
1
1
2
0
0
0
1
1
0
0
1
0
0
0
0
2
0
0
1
1
2
0
0
0
1
0
0
0
2
0
0
1
0
3
0
0
0
0
0
1
1
0
1
0
0
0
0
0
0
0
0
0
0
0
2
0
1
0
2
0
1
1
1
0
0
0
0
0
2
0
0
2
1
1
1
1
0
0
1
1
2
3
2
3
2
1
1
1
0
0
1
1
0
2
1
5
4
0
1
1
1
0
2
0
1
1
1
1
0
1
0
0
1
2
6
1
0
0
2
1
1
3
0
2
2
3
1
0
1
4
2
4
3
2
4
2
4
3
3
2
2
1
1
0
1
3
5
4
2
1
3
2
2
3
2
2
1
4
2
7
4
4
1
2
3
8
9
2
2
1
5
3
1
3
4
2
1
1
3
3
0
2
4
3
2
2
1
4
1
3
0
3
2
2
2
0
1
2
1
2
3
1
0
2
0
1
1
1
0
2
1
0
0
1
0
0
1
1
1
0
0
1
0
1
0
1
0
0
1
0
1
0
0
0
1
0
1
0
0
0
0
1
1
0
0
3
0
0
0
2
0
0
0
1
1
1
0
0
0
1
1
0
0
1
0
1
2
2
0
0
1
1
0
0
0
0
1
3
0
2
0
0
2
0
1
2
2
0
1
0
2
1
0
1
0
1
0
1
0
0
0
0
0
1
0
0
0
0
0
1
0
0
0
0
0
0
0
0
1
1
0
1
0
1
1
0
0
1
0
0
0
0
0
0
0
2
0
1
0
0
0
0
0
1
0
1
0
0
1
0
0
0
0
0
0
1
0
0
0
1
0
0
1
1
0
0
0
2
0
0
1
1
0
0
1
1
0
0
1
0
0
1
1
0
0
0
0
1
1
0
1
0
0
1
1
0
0
2
1
1
0
0
1
0
1
0
0
1
1
0
2
2
0
0
3
2
1
0
0
1
1
0
2
0
2
2
0
1
2
2
1
2
1
1
1
1
0
2
1
2
1
0
3
1
2
2
1
0
6
0
3
1
1
0
2
2
3
1
1
0
2
1
0
3
5
2
3
2
0
2
1
1
0
0
1
3
0
3
4
1
0
0
4
1
1
0
0
1
1
3
2
2
0
1
2
1
1
1
0
0
3
2
0
0
1
1
1
1
2
1
1
2
1
1
1
2
1
0
3
0
0
3
1
1
1
0
2
1
2
1
0
2
1
0
1
1
1
2
0
2
2
0
1
0
0
4
0
2
2
1
1
2
0
3
2
1
0
0
3
1
1
2
1
0
3
0
1
1
0
0
0
1
1
0
1
0
0
0
1
2
0
3
1
0
1
1
1
0
0
1
0
0
2
2
1
1
0
0
0
0
1
1
0
1
2
1
0
1
0
0
2
1
1
0
2
2
1
2
2
1
2
0
2
1
2
1
0
1
1
2
1
0
6
2
1
3
0
1
0
0
3
3
0
0
2
0
0
1
2
4
2
1
2
4
2
0
2
2
2
5
0
4
0
2
2
5
0
3
2
4
5
0
3
0
2
1
1
4
2
2
1
4
1
4
3
4
2
3
4
2
2
2
4
2
2
7
7
1
3
2
4
5
1
3
4
4
0
2
3
2
4
3
5
1
0
1
7
1
3
1
3
2
1
3
2
2
4
4
0
1
2
3
3
1
0
4
0
2
2
2
0
1
1
2
2
0
0
2
0
2
2
1
1
0
0
0
0
0
1
1
0
0
0
1
1
0
0
1
1
0
0
0
1
0
2
3
2
3
1
2
1
0
1
0
0
1
2
1
1
0
1
0
0
1
2
1
0
3
2
2
0
2
3
1
1
1
0
2
1
0
4
4
2
1
1
1
0
1
2
2
3
1
1
1
1
2
1
0
3
3
0
1
3
0
3
2
2
0
1
2
1
0
0
5
1
2
1
2
1
1
1
0
0
1
3
1
0
5
4
2
1
0
4
2
3
3
2
1
4
0
2
0
3
1
0
2
3
4
0
1
0
2
2
0
4
2
1
1
0
1
1
2
1
0
1
0
3
2
1
0
0
1
1
0
1
2
2
0
0
0
0
0
0
2
1
0
1
0
1
1
2
0
0
0
0
1
1
0
0
0
0
0
0
0
1
0
0
1
0
0
1
1
0
0
0
1
0
0
0
0
0
0
1
0
0
0
0
0
2
0
0
0
0
0
0
0
1
1
2
0
2
0
0
0
1
1
2
0
0
1
0
2
1
2
0
1
0
1
2
0
0
1
1
0
0
0
1
0
0
0
0
0
2
0
0
1
1
0
2
0
1
0
0
1
0
2
2
4
1
0
3
1
0
1
0
1
0
0
2
0
1
1
0
0
3
0
1
2
1
0
0
0
0
1
0
2
0
0
1
2
1
1
0
0
3
2
0
1
0
1
3
2
2
3
1
1
0
2
1
0
0
2
0
2
1
4
0
0
3
0
0
1
3
3
3
1
1
1
3
1
1
2
0
1
0
0
1
1
0
2
1
2
0
3
2
2
0
1
1
1
0
0
1
1
3
0
1
0
0
0
0
1
0
0
1
0
0
0
1
0
0
0
1
0
0
1
0
0
0
0
1
0
0
0
0
0
0
0
0
0
0
0
0
0
0
1
0
0
1
0
0
0
0
0
0
0
0
0
0
1
0
0
0
0
0
0
0
0
0
0
0
0
0
0
0
0
0
0
0
0
0
1
0
0
0
0
0
1
1
0
1
0
0
0
0
0
2
0
0
0
0
1
0
1
0
0
0
0
1
0
0
0
0
0
0
0
0
0
1
0
0
0
0
0
0
1
0
0
0
0
0
0
0
1
0
0
0
0
0
0
0
0
0
0
0
0
1
0
0
0
1
0
1
0
0
1
0
0
0
0
0
0
0
0
0
0
0
0
0
1
0
1
0
1
0
0
0
0
0
0
0
0
0
0
0
0
0
0
0
0
0
0
2
0
0
0
0
0
0
1
0
0
0
1
0
0
1
0
0
1
0
1
1
1
0
0
1
0
0
0
0
0
1
0
0
0
1
0
1
1
0
1
0
0
1
1
0
0
0
0
0
0
1
1
0
0
0
0
0
0
1
0
0
1
0
0
0
1
2
0
0
0
0
0
0
1
0
0
0
0
0
0
0
1
1
0
0
0
0
0
1
1
1
1
0
0
1
0
0
1
0
0
1
0
2
0
0
1
0
0
0
1
0
0
0
0
0
0
0
0
1
0
0
0
0
0
0
0
0
1
0
0
1
0
0
0
0
0
0
0
0
0
0
0
0
2
0
2
0
0
0
1
0
0
1
0
1
0
1
0
0
0
0
1
0
0
0
0
0
0
0
0
0
0
1
0
0
1
0
0
0
0
0
2
1
0
0
0
0
0
0
1
1
0
0
1
0
0
0
0
0
0
0
0
1
0
0
0
0
1
0
0
0
0
0
1
1
1
0
0
0
1
0
0
0
0
0
0
0
3
0
1
0
1
0
0
1
0
0
0
1
0
1
0
0
1
0
0
0
0
0
0
1
1
0
0
1
1
1
0
0
1
0
2
0
0
0
0
0
0
0
0
1
0
1
0
0
0
0
1
0
0
0
1
1
0
0
1
0
0
0
1
0
0
0
0
0
1
0
2
0
1
0
0
1
0
0
0
0
0
1
1
2
1
1
1
0
0
0
0
0
1
2
0
1
1
0
0
1
1
0
1
0
0
0
0
0
0
0
1
0
1
1
1
1
1
0
0
1
1
0
0
0
0
0
1
0
0
1
0
1
1
0
1
0
1
2
0
1
1
2
1
1
0
0
0
0
0
2
3
0
0
0
0
0
0
1
0
0
0
0
1
0
2
1
1
0
0
1
3
1
0
2
1
1
1
0
3
0
0
0
1
0
0
1
2
0
0
1
0
1
0
2
2
0
0
2
0
1
5
3
0
0
0
1
1
2
0
3
2
1
0
2
1
2
2
2
1
0
2
2
0
1
1
3
0
1
0
2
1
3
1
0
1
3
1
1
1
3
0
1
1
0
0
2
2
4
3
5
1
4
1
2
3
0
0
3
2
4
3
4
1
3
1
4
7
0
2
2
0
2
5
2
1
4
4
10
2
1
2
4
1
1
2
2
3
3
1
2
4
4
5
4
5
1
1
1
2
2
1
4
1
2
3
3
5
3
2
7
5
2
3
6
4
4
3
2
4
5
8
2
3
4
3
4
3
8
7
2
5
5
7
4
2
4
6
5
8
8
4
2
4
8
7
6
8
5
7
8
5
6
7
11
9
6
6
6
8
8
9
12
7
8
10
10
8
10
10
7
5
7
5
10
10
10
8
6
11
13
21
12
12
14
14
10
10
11
8
6
9
17
11
14
16
12
16
9
15
12
14
12
14
16
14
15
10
10
9
16
10
7
15
11
13
16
7
11
14
8
7
13
15
9
11
9
7
10
5
7
8
3
10
4
5
6
9
9
3
4
3
3
2
1
3
2
2
3
3
1
1
0
1
3
2
1
0
2
3
1
1
0
0
0
0
0
0
0
1
0
0
0
1
1
0
0
0
0
0
0
0
0
0
0
0
0
0
1
0
0
0
0
1
0
0
0
1
0
0
0
0
0
0
0
0
0
1
0
0
0
0
0
0
0
0
0
0
0
0
0
0
0
0
1
0
0
0
0
0
0
0
0
0
0
1
0
0
0
0
0
0
0
0
0
1
0
0
1
0
0
0
0
1
1
0
0
0
0
0
1
0
0
0
0
0
0
0
0
0
0
1
0
1
0
0
1
0
0
0
0
0
0
0
0
0
0
0
0
0
0
0
0
1
0
0
1
0
0
0
0
0
0
0
0
0
0
0
0
0
0
1
0
0
0
0
1
1
0
0
0
0
0
0
0
0
1
0
0
0
0
0
0
0
0
0
0
0
0
0
0
0
1
1
0
0
0
2
0
1
0
0
0
0
0
0
0
0
0
0
0
0
0
0
0
0
0
0
0
0
0
0
0
0
0
0
0
0
0
0
0
0
0
0
0
0
0
0
0
0
0
0
0
0
0
0
0
0
0
0
0
0
0
0
0
0
0
0
0
0
0
0
0
0
0
1
0
0
0
0
0
0
0
0
0
0
0
1
1
0
0
2
0
0
1
0
0
0
0
1
0
0
0
0
0
0
1
0
0
0
0
0
1
0
0
0
0
0
0
0
0
1
0
0
1
0
0
0
0
0
0
0
0
0
0
1
0
0
0
0
0
0
1
0
0
0
0
0
0
0
0
0
0
0
0
0
0
0
0
0
0
0
0
0
0
0
0
0
0
0
1
1
0
0
0
1
0
0
0
0
0
0
0
0
0
0
0
0
0
0
0
0
0
0
0
0
0
0
0
0
0
0
1
0
0
0
0
0
0
0
0
0
0
0
0
0
0
0
0
0
0
0
0
0
0
0
0
0
0
0
0
0
0
0
0
0
0
0
0
0
0
0
0
0
0
0
0
0
0
0
0
0
0
0
0
1
0
0
0
0
0
0
0
0
0
1
0
0
0
0
0
0
0
0
0
0
0
0
0
0
0
0
0
0
0
0
0
0
0
0
0
0
0
0
0
0
0
0
0
0
0
0
0
0
0
0
0
0
0
0
0
0
0
0
0
0
0
0
0
0
0
0
0
0
0
0
0
0
0
0
0
0
0
0
0
0
0
0
0
0
1
0
0
0
0
0
0
2
0
0
0
0
0
0
0
0
0
0
1
0
0
0
0
0
0
0
0
0
0
0
0
0
0
0
0
0
0
0
0
0
0
0
0
0
0
0
0
0
0
0
0
0
0
0
0
0
0
0
0
0
0
0
0
0
0
0
0
0
0
0
0
0
0
0
0
0
0
0
0
0
0
0
0
0
0
0
0
0
0
0
0
0
0
0
0
0
0
0
0
0
0
0
0
0
0
0
0
0
0
0
0
0
0
0
0
0
0
0
0
0
0
0
1
0
0
0
1
0
0
0
0
1
0
0
0
0
0
0
0
0
0
0
0
0
0
0
0
1
1
0
0
0
0
0
0
0
1
0
0
0
0
0
0
0
1
0
0
0
0
1
0
0
0
0
0
0
0
0
0
0
0
0
0
0
0
0
0
1
0
0
0
0
0
0
0
0
0
0
0
0
0
0
0
0
0
0
0
0
0
0
0
0
0
0
0
0
0
1
0
0
0
0
0
0
0
0
0
0
0
0
0
0
1
0
0
0
0
1
0
0
0
0
0
0
0
0
0
0
0
0
0
0
0
1
0
0
0
0
1
0
0
0
0
0
0
0
0
0
0
0
0
0
0
0
0
0
0
0
0
0
0
0
0
0
0
0
0
0
0
0
0
0
0
0
0
0
0
0
0
0
0
0
0
0
0
0
0
0
0
0
0
0
0
0
0
0
0
1
0
0
0
0
0
0
0
0
0
0
0
1
0
0
0
0
0
0
0
0
0
0
0
1
0
0
0
0
1
0
0
0
0
0
0
0
0
0
0
0
0
0
0
0
0
0
0
0
0
1
0
0
0
0
0
1
1
0
0
0
0
0
1
0
0
0
0
0
0
0
0
0
0
0
0
0
0
0
0
1
0
0
0
1
0
0
0
0
0
0
0
0
0
0
0
0
0
0
0
0
0
0
0
0
0
0
0
0
0
0
0
0
0
0
0
0
0
0
0
0
0
0
0
0
0
0
1
0
1
0
0
0
0
0
0
0
0
0
0
0
0
0
0
0
0
0
0
0
0
0
0
0
0
0
0
0
0
0
0
0
0
0
0
0
0
0
0
0
0
0
0
0
0
0
0
0
0
0
0
0
0
0
0
0
0
0
0
0
0
0
0
0
0
0
0
0
0
0
0
0
0
0
0
0
0
0
0
0
0
0
0
0
0
0
0
1
0
0
0
0
0
0
0
0
0
0
0
0
0
0
0
0
0
0
0
0
0
0
0
0
0
0
0
0
0
0
0
0
0
0
0
0
0
0
0
0
0
0
0
0
0
0
0
0
0
0
0
0
0
0
0
0
0
0
0
0
0
0
1
0
0
0
0
0
0
0
0
0
0
0
0
0
0
0
0
0
0
0
0
0
0
0
0
0
0
0
0
0
0
0
0
0
0
0
0
0
0
0
0
0
0
0
0
0
0
0
0
0
0
0
0
0
0
0
0
0
0
0
0
0
0
0
0
0
0
0
0
0
0
0
0
0
0
0
0
0
0
0
0
0
0
0
0
0
0
0
0
0
0
0
0
0
0
0
0
0
0
0
0
0
0
0
0
0
0
0
0
0
0
0
0
0
0
0
0
0
0
0
0
0
0
0
0
0
0
0
0
0
0
0
0
0
0
0
0
0
0
0
0
0
0
0
0
0
0
0
0
0
0
0
0
0
0
0
0
0
0
0
0
0
0
0
0
0
0
0
0
0
0
0
0
0
0
0
0
0
0
0
0
0
0
0
0
0
0
0
0
0
0
0
0
0
0
0
0
0
0
0
0
0
0
0
0
0
0
0
0
0
0
0
0
0
1
0
0
0
0
0
0
0
0
0
0
0
0
0
0
0
0
0
0
0
0
0
0
0
0
0
0
0
0
0
0
1
0
0
0
0
1
0
0
1
0
0
0
0
0
0
0
0
0
0
0
0
0
0
0
0
0
0
0
0
0
0
0
0
0
0
0
0
0
0
0
0
0
0
0
0
0
0
0
0
0
0
0
0
1
0
0
0
0
0
0
0
0
0
0
0
0
0
0
0
0
0
0
0
0
0
0
0
0
0
0
0
0
0
0
0
0
1
0
0
0
0
0
0
0
0
0
0
0
0
0
0
0
0
0
0
0
0
0
0
0
0
0
0
0
0
0
0
0
0
0
0
0
0
0
0
0
0
0
0
0
0
0
0
0
0
0
0
0
0
0
0
0
0
0
0
0
0
0
0
0
0
0
0
0
0
0
0
0
0
0
0
0
0
0
0
0
0
0
0
0
0
0
0
0
0
0
0
0
0
0
0
0
0
0
0
0
0
0
0
0
0
0
0
0
0
0
0
0
0
0
0
0
0
0
0
0
0
1
0
0
0
0
0
0
0
0
0
0
0
0
0
0
0
0
0
0
0
0
0
0
0
0
0
0
0
0
0
0
0
0
0
0
0
0
0
0
0
0
0
0
0
0
0
0
0
0
0
1
0
0
0
0
0
1
0
0
0
0
0
0
0
0
0
0
0
0
0
0
0
0
0
0
0
0
0
0
0
0
0
0
0
0
0
0
0
0
0
0
0
0
0
0
0
0
0
0
0
0
0
0
0
0
0
0
0
0
0
0
0
0
0
0
0
0
0
0
0
0
0
0
0
0
0
0
0
0
0
0
0
0
0
0
0
0
0
0
0
0
0
0
0
0
0
0
0
0
0
0
0
0
0
0
0
0
0
0
0
0
0
0
0
0
0
0
0
0
0
0
0
0
0
0
0
0
0
0
0
0
0
0
0
0
0
0
0
0
0
0
0
0
0
0
0
0
0
0
0
0
0
0
0
0
0
0
0
0
0
0